101	314417	55038.424622
121	351329	10400.142590
504	121	41000.403135
7006	578075	400.009765
11609	557382	570475.088511
12829	214166	58500.615168
13954	1293052	400.007503
13964	1070389	100.003650
14022	14042	6500.069473
14042	14022	6500.069473
14156	827748	6500.079968
14195	314663	64962.257060
14263	908436	185146.427606
14407	358935	99.999950
14408	1123037	2500.029296
14429	1500776	73467.169720
14866	101002	100.000381
14877	269871	58900.627226
14878	14896	34300.403489
14894	269871	42600.505267
14896	1233378	13700.173637
18401	700716	2778632.583726
33205	14042	587854.636348
154815	889280	100.002885
44322	472375	45700.583910
47675	419465	1746973.906571
49256	729160	1569507.926834
51794	432362	5800.062279
53747	269612	513748.631070
66418	905618	1337439.079821
70360	1484024	5900.070103
70520	1484024	5900.070103
155934	1080628	2400.038431
87286	1056450	2296267.795155
93655	981691	87600.952322
94217	362207	64500.761586
97313	323672	2600.026792
97661	472117	114701.629521
97682	101359	16000.205274
97819	1440324	1700.021896
99611	1041874	5300.064465
100913	101148	52300.584350
101002	14866	100.000381
101020	14866	15300.154403
101148	100913	52300.584350
101359	97682	16000.205274
101419	472375	19700.199090
102421	1387027	2700.028139
105017	157393	52327.683103
105047	465730	634579.042522
108802	308326	1300.017176
110574	1303211	185845.055118
156356	160767	81900.881818
114786	750059	158701.984460
117795	729160	2600.017852
117752	249869	6600.071628
126358	1589260	202255.596964
127719	269962	378279.246044
131033	1303227	10900.150996
131680	1034490	43400.434642
139281	271683	610406.882901
140155	967836	69229.994238
143852	949034	638904.898685
146807	889280	467237.744888
157393	105017	52327.683103
158513	158534	21800.227569
158534	158513	21800.227569
158554	1088035	4100.065113
158579	589304	2000.038624
159033	158534	21800.227569
160767	156356	81900.881818
163233	1297170	14900.188741
163237	163233	226557.962880
163252	1297170	14900.188741
163254	163233	226557.962880
163164	269659	100.003650
163747	591605	146901.724086
164007	164021	200.002149
164021	164007	200.002149
169058	314590	21100.250146
169207	1546917	27100.309813
171365	725599	1700.007946
176667	350622	31847.510047
180197	908436	185146.427606
180475	432362	6500.076745
183724	1303202	30000.352584
191456	834643	11600.128622
192058	557358	883461.528210
192568	478445	641932.987540
193072	779913	3265503.420154
195863	397397	9100.105668
206555	1212540	13800.180456
206587	1054499	25000.271341
209025	1275111	10800.136877
209817	421186	5300.038409
213920	322902	9400.128960
214166	12829	58500.615168
214473	171365	2500.023286
219454	1514305	2387414.605017
226208	321841	206402.201139
229089	1208272	939268.896398
229518	1241472	1265337.815376
229536	1241472	17100.192094
235057	1288326	3600.055474
238210	584823	40800.469177
249869	249879	500.001371
249879	249869	500.001371
250242	946939	1000.008355
255510	432362	6500.076745
255746	591605	331460.531807
256633	191456	63200.690199
261212	432362	6500.076745
262750	728944	400.004088
267324	365221	623709.058364
269612	1501301	4800.033162
269614	1400086	900.013653
269643	286501	500.005144
269659	163164	100.003650
269694	1069950	18300.171345
269824	1470307	15400.174534
269854	582296	3700.057051
269870	1233378	13700.173637
269871	1163190	2800.030544
269895	1303222	48600.519991
269896	269871	58900.627226
269897	827748	2200.015275
269928	575924	36700.389909
269962	917332	318403.709099
269963	457691	14500.135082
269965	917332	10700.138103
269992	432362	6500.076745
270049	350603	13400.142707
270262	897860	500.003337
271683	139281	610406.882901
282539	1523952	317403.472379
284352	1564345	1300.017649
284769	1303187	2976646.613496
286491	889280	100.002885
286501	269643	500.005144
287994	1559181	500322.388957
292665	1173031	220902.469011
293533	206555	245087.749621
294682	589304	2000.038624
297843	432364	18100.245990
301135	875129	44700.516215
308326	108802	1300.017176
312236	880796	31500.375163
313224	350890	13000.142791
313260	350622	3200.040303
313264	709171	400.006591
313600	1179179	1300.002880
313944	314417	5300.058800
313978	351329	3600.047534
314417	313944	5300.058800
314482	350912	10100.091373
314590	169058	21100.250146
314663	419465	2900.014104
314693	419465	19100.219254
318227	365331	11000.135652
321841	262750	190587.255443
322637	331555	490110.907057
322678	331555	490110.907057
322433	164021	900.010872
322902	213920	9400.128960
323042	715380	10900.118855
323054	1484024	5900.070103
323095	323042	31600.364119
323113	797123	39400.414311
323200	1400086	900.013653
323202	323239	59943.637318
323239	1085344	1200.011474
323590	12433	715905.078309
323664	1439750	15700.167411
323672	97313	2600.026792
323897	1303225	12200.136551
323939	1342320	100.003547
324149	324170	89401.146838
324170	466588	29800.285971
324175	987622	1800.031152
324203	269824	26000.269387
324285	1320747	9800.101155
324321	1275111	4600.065676
330743	1431294	26000.315778
333897	435005	435205.254938
334062	1110550	8200.104985
348945	348974	400.004182
348974	348945	400.004182
350603	350621	1300.018116
350611	313224	69600.806015
350621	350603	1300.018116
350622	313260	3200.040303
350802	323664	118676.553606
350884	313264	11000.106627
350890	314482	12100.169960
350909	313264	11000.106627
350912	314482	10100.091373
350941	314417	5300.058800
351267	1486098	84700.957123
351329	313978	3600.047534
351340	313944	6500.095406
357142	1034490	102727.929169
358910	358935	8000.110204
358935	14407	99.999950
359111	470619	8900.116173
359133	470619	8900.116173
362200	1546896	96501.074083
362207	94217	64500.761586
362221	578703	2600.016754
365221	994539	2600.038886
365331	454596	6700.099512
374654	897826	500.002212
385779	1069950	135501.609423
387843	169058	21100.250146
397397	195863	9100.105668
401466	1492325	7798344.593689
403065	1303201	95600.969572
403083	403065	171630.244306
403536	195863	9100.105668
404584	934288	331322.024791
405824	941748	57700.693316
405868	941748	57700.693316
406882	606825	41900.437911
408240	789129	34000.383891
419465	314663	2900.014104
421186	1350658	500.004441
425798	898975	1196314.001773
427328	1470307	15400.174534
432359	323672	3400.036064
432362	713310	5100.054718
432364	297843	18100.245990
435005	155934	19000.219004
441725	1535033	188402.213766
454596	1122684	1000.016538
457691	269963	14500.135082
457703	783970	2200.014262
462863	1117252	1883034.738226
465730	1350516	14500.143960
466588	1077427	22300.244164
466719	1387027	5000.069954
469642	1362532	11700.133552
470619	359111	8900.116173
470622	1123037	99.998527
472095	488293	263854.118848
472096	472375	45700.583910
472114	488293	263854.118848
472117	1303196	85500.959190
472375	101419	19700.199090
476507	575924	143801.603940
478445	488293	72748.182832
483014	322902	929818.162691
488293	478445	72748.182832
492300	582309	471053.728483
496884	987622	198141.593180
496891	1303271	145801.743337
496780	1054714	12100.140080
496905	496891	315198.084120
500102	1303282	25500.241643
500224	500102	1418216.613551
504846	1303287	62700.674609
506402	1303251	2256980.114558
508766	961173	871064.294531
511779	1534428	1918229.741387
513579	725599	1700.007946
513584	619740	700.006871
513597	791206	78967.027170
518498	592242	11300.111979
520291	1233960	1290268.422376
526051	754942	2671879.928849
526927	792672	2607979.476765
529515	1049744	276303.140684
543632	1088035	99001.226169
543665	590142	200.001893
546733	1380020	8908572.479773
546760	1583472	2856633.759343
551213	1559181	500322.388957
556186	1288326	100.000381
556408	432362	5800.062279
557358	192058	883461.528210
557380	192058	883461.528210
557382	11609	570475.088511
558485	350603	7400.083819
559938	1345241	1600.011831
563951	1501301	4800.033162
570666	1454503	187639.607434
574142	574122	4291766.749757
575924	582296	22500.220322
578075	7006	400.009765
578171	1303277	324351.192162
578703	362221	2600.016754
581914	905618	255602.950166
582296	269854	3700.057051
582307	1288326	100.000381
582309	492300	471053.728483
582483	557382	1840919.439058
584789	584823	4500.048198
584823	584789	4500.048198
585663	271683	610406.882901
589278	824793	4000.047942
589304	824793	1000.007227
590142	543665	200.001893
591622	311653	3203414.660933
591605	163747	146901.724086
592242	518498	11300.111979
592929	1310115	1305015.028257
596775	1449721	544817.740188
597193	605530	5300.055533
602678	1564345	537151.903541
605530	597193	5300.055533
605691	597193	93401.000227
606825	406882	41900.437911
606905	406882	41900.437911
612307	731243	246002.806353
615032	1303276	2500.010960
615305	619446	3319692.081268
615498	945814	312803.810034
619424	1026410	1360315.582890
619446	615305	3319692.081268
619740	513584	700.006871
624235	1207816	10100.104280
625329	1307848	2192516.709478
628789	1303164	2230662.948741
635455	899575	657505.102302
638594	858725	87500.910228
638606	754529	7600.089724
639738	827276	106501.228801
640564	1120180	4855897.679363
650740	967993	384049.107948
650780	967993	384049.107948
657731	1511936	14835864.576846
660925	582296	22500.220322
661623	269963	77639.844932
680856	591605	146901.724086
686646	466719	79300.947534
686761	754342	1905189.115395
691376	269963	77639.844932
691580	1487748	2633658.693204
696762	269963	77639.844932
697681	1249492	1267677.930175
700526	745835	111664.278282
700716	1343669	26000.323586
701087	1215648	3244140.007799
701335	334062	176702.113499
701806	875874	8800.114971
704550	875874	8800.114971
709171	313264	400.006591
709671	1562470	735915.158286
710394	1486098	84700.957123
710608	942665	86400.976023
713310	432362	5100.054718
715380	323042	10900.118855
725599	171365	1700.007946
727003	759501	78400.889086
727990	1528397	3994006.379490
728944	262750	400.004088
729160	117795	2600.017852
729416	318227	2707838.684882
730550	1303277	24800.306516
731243	612307	246002.806353
735899	697841	4344339.239701
737977	615305	3809943.833563
739133	1559181	493305.736746
739386	1015846	1700.009488
745835	700526	111664.278282
750059	114786	158701.984460
753619	269824	26000.269387
754342	1017516	27200.270116
754483	799014	29000.328594
754529	638606	7600.089724
759501	727003	78400.889086
764547	817468	3828987.888312
766044	1303220	26800.315360
767444	1408517	3170121.036173
772928	1484024	200.004418
777095	735899	8429831.832521
779913	193072	3265503.420154
782189	513597	3104932.524740
782728	574122	4291766.749757
783590	700526	111664.278282
783969	457691	14500.135082
783970	889280	1000.014370
788852	713310	5100.054718
789129	1132973	28900.251207
791206	725599	9100.090758
792672	526927	2607979.476765
794574	1303222	6607560.355450
797123	323113	39400.414311
797149	575924	143801.603940
798116	508766	4814830.452723
798511	1383674	222202.696845
799014	754483	29000.328594
814557	195863	9100.105668
817468	764547	3828987.888312
824793	589304	1000.007227
827748	269897	2200.015275
827276	1355002	91900.983984
827646	1277175	18000.241118
828164	1500776	33800.368956
834643	191456	11600.128622
835995	294072	5531167.163953
839764	897826	500.000219
840056	1331082	134601.530159
845077	269897	2200.015275
845355	1500776	33800.368956
847216	717398	2251631.869160
858164	1590681	15300.161493
858725	754529	8900.098385
861926	11609	1820687.747581
863467	1331082	134601.530159
869574	206555	245087.749621
871384	1303196	81535.227467
871448	1303196	81535.227467
871679	728944	1148137.665234
875129	969899	22600.283993
875874	701806	8800.114971
876603	728944	1000.009217
878460	878498	58800.730290
878498	878460	58800.730290
880478	1303182	29200.297630
880566	14408	10100.143183
880796	312236	31500.375163
886907	249869	500.001371
889280	154815	100.002885
891945	1431294	26000.315778
892323	967836	399204.429055
892852	889280	2300.035136
895120	432364	62450.559307
897447	1303206	899.999258
897826	839764	500.000219
897860	270262	500.003337
898893	1367090	1035153.828772
898975	425798	1196314.001773
899575	635455	657505.102302
905618	581914	255602.950166
907885	1583547	6367274.351566
908356	1380020	10277347.154284
908436	14263	185146.427606
914155	987424	69520.431630
917314	725599	1700.007946
917317	725599	92300.954259
917332	269965	10700.138103
922798	1137701	226078.517459
931063	582309	471053.728483
934288	1303202	138901.623842
940961	1387497	757586.294391
941732	941748	57700.693316
941748	405824	57700.693316
942665	710608	86400.976023
942605	1241278	13000.115835
942709	710608	86400.976023
942924	1593847	1641271.499224
945814	7006	48100.540115
946939	250242	1000.008355
947321	1123024	69500.779523
947325	985590	2000.018766
949034	143852	638904.898685
955159	209025	2779649.757269
955290	474628	4227729.326926
959700	403083	1913034.875933
960481	1123262	320721.591077
960677	425798	1196314.001773
961173	508766	871064.294531
966676	759501	174601.898132
967656	331543	1659925.896003
967830	1288127	174254.201985
967836	140155	69229.994238
967993	650740	384049.107948
968012	650740	384049.107948
969899	875129	22600.283993
970205	1026410	63785.131944
974276	1009278	1000.012293
974943	1034490	105110.971911
979069	1362532	11700.133552
981691	454596	40100.427636
981858	858725	87500.910228
981864	858725	191855.966332
985590	947325	2000.018766
986700	432362	6500.076745
986731	432362	6500.076745
987424	1358586	1000.014247
987622	987679	1700.010338
987679	987622	1700.010338
988142	1207816	157602.031429
994539	365221	2600.038886
996810	1303215	3700.023882
997152	1303257	2140290.468042
1004669	1296888	20200.209910
1008809	1303242	39800.465982
1009278	1400086	900.016383
1015846	739386	1700.009488
1017516	754342	27200.270116
1023922	294898	1167630.395696
1025399	1595765	1688385.607328
1026410	970205	63785.131944
1026933	974276	57819.238043
1026969	974276	57819.238043
1031370	754942	1514166.047396
1034490	131680	43400.434642
1034439	323664	118676.553606
1040730	1439963	12200.164393
1041874	946939	1100.008876
1046722	650740	443605.393195
1047003	155934	19000.219004
1049744	529515	276303.140684
1051367	1492206	26500.309376
1054499	206587	25000.271341
1054714	496780	12100.140080
1057847	591605	331460.531807
1067601	969899	22600.283993
1068620	559938	3500.061598
1068902	432359	222689.602862
1069311	1208272	939268.896398
1069950	269694	18300.171345
1070386	1510940	1600.030400
1070389	13964	100.003650
1077427	466588	22300.244164
1078965	897826	500.000219
1079003	827646	50800.497326
1080628	155934	2400.038431
1081161	543665	600.005498
1085344	1501301	200.000901
1088035	158554	4100.065113
1088073	158554	4100.065113
1089574	348974	400.004182
1091413	1345241	955643.612730
1091368	1515043	27000.322583
1091685	270262	500.003337
1098710	427047	5144891.975675
1104745	93655	105501.156663
1106057	1439750	900.008582
1110550	334062	8200.104985
1109802	313600	85182.973777
1112725	1303262	346904.987061
1116863	195863	38100.364189
1117252	101002	138401.655435
1117278	101002	138401.655435
1118271	1303232	425818.970125
1120180	229518	1289337.670929
1122684	454596	1000.016538
1123024	1123035	10900.130997
1123035	1123024	10900.130997
1123037	470622	99.998527
1123262	960481	320721.591077
1123297	432362	5100.054718
1123820	323939	2100.039906
1124227	314482	10100.091373
1128557	715380	46500.470242
1131450	543665	600.005498
1132447	1127095	1285278.262424
1132973	789129	28900.251207
1132983	1132973	1726425.506160
1137701	922798	226078.517459
1148533	582296	22500.220322
1153323	701806	569301.139195
1158432	1400086	900.016383
1163190	269871	2800.030544
1163203	889280	2300.035136
1163204	269643	500.005144
1164273	914155	248223.667644
1164425	163747	192876.637659
1173031	292665	220902.469011
1175130	408240	36600.386649
1179179	313600	1300.002880
1207705	1070389	1775450.625050
1207816	624235	10100.104280
1207820	496884	233130.073108
1208272	229089	939268.896398
1209729	1536250	22500.229483
1211185	171365	2500.023286
1212123	839764	500.001863
1212540	206555	13800.180456
1221803	1579617	6400.080129
1230195	14263	265661.376205
1233378	269897	2900.023617
1233408	350611	377278.514262
1233960	520291	1290268.422376
1237166	330743	44100.508593
1241278	942605	13000.115835
1241302	1241278	13000.115835
1241472	229536	17100.192094
1249492	697681	1267677.930175
1251952	1589260	14900.189463
1271225	351267	360056.012712
1275111	1451832	4200.041063
1277175	827646	18000.241118
1277427	312236	83950.931702
1278898	754342	234178.417823
1288127	101359	59300.717806
1288326	556186	100.000381
1288347	1288326	100.000381
1293052	13954	400.007503
1296888	1004669	20200.209910
1297170	163233	14900.188741
1299375	1299413	1000.008048
1299413	1299375	1000.008048
1303164	1303165	60000.693353
1303165	1303164	60000.693353
1303169	97819	50395.392721
1303171	323672	2600.026792
1303175	14156	7000.069427
1303176	269871	42600.505267
1303180	70360	22600.230485
1303182	880478	29200.297630
1303186	1303187	215335.833626
1303187	1303186	215335.833626
1303191	350890	13000.142791
1303192	350603	1300.018116
1303196	871384	81535.227467
1303197	478445	72748.182832
1303201	403065	95600.969572
1303202	183724	30000.352584
1303206	897447	899.999258
1303207	1354650	53300.612119
1303211	1365507	85700.993708
1303212	1309999	68916.626401
1303215	996810	3700.023882
1303217	1303215	594307.399939
1303220	766044	26800.315360
1303222	269895	48600.519991
1303225	323897	12200.136551
1303227	131033	10900.150996
1303231	1303232	911237.391125
1303232	1118271	425818.970125
1303236	1303237	1047955.396269
1303237	1303236	1047955.396269
1303241	1303242	1147840.101523
1303242	1008809	39800.465982
1303246	1421614	561883.478443
1303247	1320747	36800.428312
1303251	1458381	119401.462252
1303252	1564345	419981.162237
1303256	12433	715905.078309
1303257	1589451	1222576.523330
1303261	1383674	184078.354402
1303262	99611	19700.190052
1303266	987622	1700.010338
1303267	1077427	149290.230753
1303271	496891	145801.743337
1303272	1173031	1230607.475057
1303276	615032	2500.010960
1303277	730550	24800.306516
1303281	1306367	100.002810
1303282	500102	25500.241643
1303285	1303287	2191515.922323
1303287	504846	62700.674609
1303615	1303164	60000.693353
1303635	1303165	60000.693353
1303655	323672	2600.026792
1303675	97819	50395.392721
1303695	269871	42600.505267
1303696	1303222	48600.519991
1303715	14156	7000.069427
1303716	1303222	48600.519991
1303735	880478	29200.297630
1303755	70360	22600.230485
1303775	1303186	215335.833626
1303796	1303187	215335.833626
1303815	350603	1300.018116
1303835	350890	13000.142791
1303871	478445	72748.182832
1303889	871384	81535.227467
1303912	183724	30000.352584
1303931	403065	95600.969572
1303937	1354650	53300.612119
1303955	897447	899.999258
1303975	1309999	68916.626401
1303995	1365507	85700.993708
1304072	269895	48600.519991
1304075	269871	2800.030544
1304076	827748	6500.079968
1304094	766044	26800.315360
1304153	1118271	425818.970125
1304180	1303236	1047955.396269
1304207	1303237	1047955.396269
1306153	897860	18100.272846
1306367	1303281	100.002810
1310007	235057	116901.428427
1309999	1303212	68916.626401
1310115	1457706	3600.041318
1316419	1470798	1200.011706
1316421	432362	5800.062279
1318664	1365522	624341.084950
1320665	1320747	14700.154661
1320747	324285	9800.101155
1323878	504	170067.419715
1325789	1303220	1490840.487942
1331082	840056	134601.530159
1337845	1303165	60000.693353
1337846	1303164	60000.693353
1337865	1303164	60000.693353
1337866	1303165	60000.693353
1337885	97819	50395.392721
1337886	323672	2600.026792
1337905	323672	2600.026792
1337906	97819	50395.392721
1337925	14156	7000.069427
1337926	269871	42600.505267
1337927	1303222	48600.519991
1337945	269871	42600.505267
1337946	14156	7000.069427
1337947	1303222	48600.519991
1337965	70360	22600.230485
1337966	880478	29200.297630
1337985	880478	29200.297630
1337986	70360	22600.230485
1338005	1303187	215335.833626
1338006	1303186	215335.833626
1338025	1303186	215335.833626
1338027	1303187	215335.833626
1338045	350890	13000.142791
1338046	350603	1300.018116
1338065	350603	1300.018116
1338066	350890	13000.142791
1338085	871384	81535.227467
1338101	478445	72748.182832
1338107	478445	72748.182832
1338133	871384	81535.227467
1338143	403065	95600.969572
1338173	183724	30000.352584
1338178	183724	30000.352584
1338205	403065	95600.969572
1338211	897447	899.999258
1338215	1354650	53300.612119
1338235	1354650	53300.612119
1338236	897447	899.999258
1338255	1365507	85700.993708
1338256	1309999	68916.626401
1338275	1309999	68916.626401
1338276	1365507	85700.993708
1338295	996810	3700.023882
1338315	1303215	594307.399939
1338335	766044	26800.315360
1338352	269895	48600.519991
1338355	269895	48600.519991
1338356	269871	2800.030544
1338357	827748	6500.079968
1338374	766044	26800.315360
1338375	323897	12200.136551
1338395	131033	10900.150996
1338415	1303232	911237.391125
1338433	1118271	425818.970125
1338435	1118271	425818.970125
1338455	1303237	1047955.396269
1338461	1303236	1047955.396269
1338475	1303236	1047955.396269
1338487	1303237	1047955.396269
1338495	1303242	1147840.101523
1338515	1008809	39800.465982
1338535	1421614	561883.478443
1338555	1320747	36800.428312
1338575	1458381	119401.462252
1338595	1564345	419981.162237
1338615	12433	715905.078309
1338635	1589451	1222576.523330
1338655	1383674	184078.354402
1338675	99611	19700.190052
1338695	987622	1700.010338
1338715	1077427	149290.230753
1338735	496891	145801.743337
1338755	1173031	1230607.475057
1338775	615032	2500.010960
1338795	730550	24800.306516
1338815	1306367	100.002810
1338835	500102	25500.241643
1338855	1303287	2191515.922323
1338875	504846	62700.674609
1342320	323939	100.003547
1342728	323939	100.003547
1343669	700716	26000.323586
1343860	1361363	2057296.164839
1345241	559938	1600.011831
1346006	710608	110801.197522
1350274	269824	26000.269387
1350516	465730	14500.143960
1350658	421186	500.004441
1354650	1303207	53300.612119
1354965	1354650	118501.465583
1355002	827276	91900.983984
1358586	987424	1000.014247
1361363	1441467	626407.097219
1362532	469642	11700.133552
1365507	1303211	85700.993708
1365522	110574	219962.521288
1367090	350884	59498.388227
1367121	350621	1300.018116
1369864	1500776	29000.349548
1380020	1023786	5484395.318290
1381104	323664	118676.553606
1383674	308326	146022.481114
1383976	1500776	29000.349548
1386202	1023786	5484395.318290
1387027	102421	2700.028139
1387497	940961	757586.294391
1390049	323664	118676.553606
1391987	102421	2700.028139
1392419	940961	757586.294391
1393606	97819	50395.392721
1393612	323672	2600.026792
1394087	102421	2700.028139
1394519	940961	757586.294391
1395845	612307	246002.806353
1397925	432364	62450.559307
1397926	432359	222689.602862
1400086	269614	900.013653
1407272	350890	29200.336938
1408517	1303246	1604418.275396
1410337	889280	2300.035136
1416766	1416774	21200.223679
1416774	1416766	21200.223679
1426228	330743	44100.508593
1426265	1429843	3400.040013
1429843	1426265	3400.040013
1431225	323042	31600.364119
1431294	330743	26000.315778
1432553	1303267	247702.945805
1439401	350451	949246.430314
1439750	1106057	900.008582
1439771	1106057	900.008582
1439963	1040730	12200.164393
1440111	350603	1300.018116
1440324	97819	1700.021896
1441467	1343669	34800.377757
1441852	1400086	900.013653
1441871	1400086	900.013653
1448605	169207	174402.171430
1449287	169207	174402.171430
1451832	1275111	4200.041063
1452969	1421614	561883.478443
1452996	314417	5300.058800
1454503	570666	187639.607434
1454861	1439750	15700.167411
1455843	880478	51000.587626
1455853	880478	51000.587626
1457706	1310115	3600.041318
1458381	1303251	119401.462252
1460399	1460438	4300.049077
1460438	1460399	4300.049077
1462469	432362	5900.068475
1463941	214166	58500.615168
1463981	214166	58500.615168
1464728	1464762	2800.046135
1464762	1464728	2800.046135
1465794	1465820	77700.845147
1465820	1465794	77700.845147
1469108	385779	162701.884701
1470301	1470307	93000.995852
1470307	269824	15400.174534
1470774	1470798	398504.466914
1470798	1316419	1200.011706
1476511	1303215	193098.000381
1483278	1277175	18000.241118
1484024	772928	200.004418
1484055	1576698	2200.026746
1486092	974276	551027.056539
1486098	351267	84700.957123
1487748	701335	1306715.369701
1492206	1051367	26500.309376
1492325	476507	348219.234485
1492456	1297170	14900.188741
1492485	476507	348219.234485
1494938	469642	11700.133552
1494955	469642	11700.133552
1499352	195863	149901.762233
1500776	1369864	29000.349548
1501301	1085344	200.000901
1501561	1501301	200.000901
1509483	1303281	1000.009919
1510940	1070386	1600.030400
1511936	1516307	6089058.134299
1515043	1091368	27000.322583
1516307	1511936	6089058.134299
1523823	1026410	63785.131944
1523952	282539	317403.472379
1535033	441725	188402.213766
1536250	1209729	22500.229483
1544272	559938	1600.011831
1546896	362200	96501.074083
1546917	322433	18500.166493
1547862	1441467	271403.057577
1559181	739386	358475.544076
1562183	543665	200.001893
1562221	543665	600.005498
1562380	256633	573369.718039
1562470	709671	735915.158286
1562487	323042	31600.364119
1562507	323042	31600.364119
1562572	469642	11700.133552
1564019	143852	638904.898685
1564345	284352	1300.017649
1576698	1484055	2200.026746
1577261	1588908	66300.869930
1579617	1221803	6400.080129
1579943	700526	111664.278282
1587777	269614	2600.038094
1588880	1588908	784536.086907
1588908	1577261	66300.869930
1589080	497151	10968031.839338
1589260	1251952	14900.189463
1589451	1303257	1222576.523330
1589653	1470455	5409108.847395
1590681	858164	15300.161493
1590697	858164	77600.873784
