7144	1036673	321329.492668
8807	137239	14400.171670
9281	119289	3600.034483
9301	582243	100.001176
9307	11255	10000.074211
9432	1254294	35500.401595
153362	331726	16100.182679
11123	11647	271189.046407
11136	21367	93268.873755
11224	232559	500.009325
11249	582243	4100.031956
11255	9307	10000.074211
11647	11123	271189.046407
153383	153362	25000.276233
153390	247035	47600.454702
12203	1135197	3400.026396
12223	12203	185169.995247
12433	1472876	37000.371916
12659	1595765	20500.259290
13640	339862	1013225.242805
16685	206968	500.015186
18494	1449118	380849.279925
21367	690430	26300.276595
21674	501748	1408816.187068
22596	76715	388899.995974
153576	153383	838638.223079
24330	915262	3400.050231
25395	446669	14800.172225
25419	25395	145524.426736
25465	1592690	14200.159972
27249	947311	4000.046790
34716	798853	53200.600219
35973	625329	2510983.094836
44368	1387199	539350.859812
44369	1078244	283662.791883
53206	1416644	11700.141264
53223	1416644	20800.248893
56869	990543	770054.743813
57170	474628	3316938.389582
60162	305417	2600.036299
62207	539320	4341670.997271
62258	591622	6878571.428752
63754	119427	7300.081681
67541	466215	23600.252329
69084	955159	3599271.862067
71015	515069	76200.881974
73016	1114932	255708.301534
76715	22596	388899.995974
76906	366086	19600.224570
77850	403726	57800.592173
84481	1037565	108901.128781
87313	219454	3700147.544754
95583	295704	1600.016618
96163	1222702	159689.690578
107596	21367	111566.523260
108188	1294824	6202248.207451
108861	934015	259802.801532
110223	232559	2500.020294
110734	829214	114301.466257
111528	1310633	2600.037789
114359	1448558	88001.055902
114979	325305	99322.928661
117886	1196278	17300.236765
119289	9281	3600.034483
119427	63754	7300.081681
131539	131587	8000.108469
131587	131539	8000.108469
134401	1595765	20500.259290
137239	8807	14400.171670
141034	470684	499.993473
144518	847675	5899390.414433
150237	1473962	499442.996018
152534	1433393	1879983.346608
157412	872219	49300.594232
161229	782802	5098360.366784
162101	604457	29100.336927
164525	1371231	13800.208838
164698	413123	37200.333442
164854	544582	122901.295575
164886	544582	122901.295575
166895	491441	15300.175656
168782	1043156	900.012703
169869	257936	14300.201442
170486	189211	37002.380615
170491	170486	39648.563023
176708	1175797	211685.885684
177996	1142957	1262948.061813
178933	730550	3384879.820590
180291	710330	100.004171
180702	1348184	116568.749406
181113	594789	900.010449
184278	1127095	141301.658985
186881	1570304	400.006626
189211	170486	37002.380615
191066	393232	400001.176398
192253	403726	35700.460657
193758	830389	68914.445692
198677	331568	18000.208697
200459	842491	10400.138593
200475	192058	3672511.848452
206968	1284662	400.003987
211042	119427	51600.578265
214133	760334	57600.599230
216576	995225	14900.188750
216580	1226541	10600.110995
218612	690430	17000.213395
219297	211042	246255.873990
219533	891982	16200.179736
224238	716455	3400.045059
229295	1230942	43200.516919
231468	312201	3700.033566
232559	11224	500.009325
236169	237122	32400.359766
236183	588750	4200.066438
237122	559365	15100.128187
238695	779532	70108.772961
244727	738567	207931.633383
246437	1418486	40400.453907
247035	425679	45200.544073
250994	620029	89301.104316
252958	1310662	2600.015088
257313	1503709	2700.022182
257936	169869	14300.201442
258192	214166	1519016.152802
259059	153390	419577.756280
262807	898719	3837126.892634
264641	1310659	231602.304055
271569	710330	409274.065019
272580	1069636	48800.607506
273036	1393323	14900.196207
278466	496905	11271590.156941
282771	1161309	506505.972936
288100	766300	5200.057880
288334	1023146	14300.170715
290826	1531419	1041938.745490
293668	519632	3300.020559
294072	788203	4000.036008
295704	95583	1600.016618
295772	95583	1600.016618
294898	1310645	346314.216203
296792	95583	296803.667130
297989	1486985	2900.030819
305170	1254294	12500.152400
305417	60162	2600.036299
307607	1310650	900.014814
307978	1142957	1262948.061813
308405	710330	409274.065019
308920	396302	12800.143049
311653	625329	2943453.317533
312201	231468	3700.033566
325268	325305	37429.151587
325305	325268	37429.151587
327061	1107663	823232.855358
327064	327068	627917.072905
327068	1107664	122601.257116
331543	856114	49300.621628
331555	1439278	1900.015750
331568	198677	18000.208697
331578	1439278	1900.015750
331726	153362	16100.182679
332011	1328479	39800.470669
332090	667732	117901.448708
338948	338960	46370.632312
338960	338948	46370.632312
339147	1158272	42400.530317
339862	13640	1013225.242805
341304	393364	68500.772709
346161	1570304	400.006626
346582	1379158	127401.599067
346591	423340	12300.101931
349515	799044	500.012071
350451	1593847	864352.229656
352026	1387381	35100.390317
354530	1293116	7000.062441
356012	1248037	322770.290436
366086	76906	19600.224570
366451	673961	29963.041540
366674	798853	5000.056707
367808	1310645	2527006.191401
368600	53223	850735.380415
371640	896875	1871462.610586
376769	1114672	5700.087251
376889	305417	3300.011360
384389	9307	87851.782978
393232	191066	400001.176398
393364	341304	68500.772709
393846	76906	19600.224570
394444	673961	29963.041540
394717	915236	128627.658118
394795	798853	5000.056707
395543	1023146	14300.170715
396302	308920	12800.143049
400655	1442983	14900.179713
403726	192253	35700.460657
403779	404287	6400.081479
404287	403779	6400.081479
404558	77850	260881.088678
413123	164698	37200.333442
413630	1310668	506260.161984
414252	964318	1862921.284983
419033	648354	15300.202442
423340	346591	12300.101931
424860	1023146	5000.062286
425679	247035	45200.544073
427047	1581454	2799196.153320
428870	847675	4300114.388823
438249	250994	2123194.620045
441672	1010727	143394.092137
442017	1310624	447887.660338
446363	9432	37000.412979
446669	25395	14800.172225
448178	947311	73848.194537
449141	1310650	100.002458
452807	452828	229468.548579
452828	1408980	24400.271247
453682	497254	23100.299601
453719	453682	46889.430640
456976	527103	371004.782748
458817	1310640	653707.444842
462327	198677	23400.313865
466215	67541	23600.252329
466370	1222702	159689.690578
468463	1303241	2653465.439763
470684	141034	499.993473
470767	1343702	400.006208
473318	1251670	107047.037983
474628	716658	2421638.746275
481762	163237	4190481.740941
483337	561739	269281.711173
483674	483337	332957.964375
483955	615305	4991052.503354
484158	851641	6800.071882
489347	1486497	246259.380917
489497	1309756	507648.241875
491441	166895	15300.175656
494176	494203	8000.095166
494203	494176	8000.095166
496288	1546230	8800.086954
496522	1254294	12500.152400
497151	97313	2157799.847373
497254	1520310	8500.095139
497995	498001	5000.050373
498001	497995	5000.050373
499836	659297	2299846.030950
500473	1032543	10200.146887
501748	1024802	400.008430
506041	12659	1856534.283214
506075	12659	1856534.283214
507442	507449	1313216.610453
507449	507442	1313216.610453
512109	796387	5377378.449277
515069	550856	14500.192495
516346	127719	2326213.893250
519632	293668	3300.020559
521442	1559181	2283550.371677
522259	1233408	1674971.129527
522565	1521466	3155618.586833
524944	1552471	19000.197314
524648	726914	333803.865341
524968	236183	14500.149948
525204	56869	2777773.339607
525303	644388	36300.452936
527103	456976	371004.782748
527153	987513	76200.940225
539320	990543	2545131.115936
541446	246437	1431361.076678
544582	544593	7400.090756
544593	544582	7400.090756
544794	413630	1089316.466954
548339	629179	2500.019403
550177	1114672	5700.087251
550297	1114672	5700.087251
550856	515069	14500.192495
554745	1345457	2076047.357884
557430	1393278	6100.084114
559365	237122	15100.128187
559697	768706	97201.222544
560728	1310645	574358.717309
561739	483337	269281.711173
561792	988365	167401.187079
561827	776444	1988329.972661
563513	862413	3559479.284960
565833	1294052	117101.200886
571301	1558394	16900.215526
571765	164525	49811.201289
572021	631615	1300.011525
574122	574142	4291766.749757
579452	1083162	1113194.868948
582243	9301	100.001176
585698	232559	500.009325
585751	585782	11000.137425
585782	585751	11000.137425
588557	1310643	625440.568768
588750	236183	4200.066438
590518	1258612	100.000796
590540	1258612	100.000796
592608	934015	5370440.133832
594768	594789	42300.451565
594789	181113	900.010449
597394	1325789	5971056.738113
598479	731243	1224298.223800
604457	162101	29100.336927
605589	1297620	317403.773631
605644	1223318	15300.167903
607525	646784	145901.640657
609738	609777	1941457.691662
609777	327061	1087613.040801
610217	814080	720611.263092
612750	119427	1033318.973982
613494	939579	1200.021174
614188	955930	287078.181931
615532	899575	4707664.632934
616580	616602	84200.990906
616602	616580	84200.990906
617776	617813	12200.170600
617813	617776	12200.170600
617951	782802	2795499.391318
619786	1348547	176801.947997
619823	1348547	176801.947997
620019	1167082	18500.248878
620029	620019	76500.880489
622635	716222	245763.147855
625230	1554556	5446451.054662
629179	548339	2500.019403
629402	1433393	7479809.260311
629408	1450824	6624717.930573
631615	572021	1300.011525
631973	742747	200.001595
633725	660701	88218.263102
633765	660701	7000.068894
636360	830805	1664097.019674
637571	1310644	5758334.797999
639818	164698	86683.419230
641204	1412323	1869653.472682
644388	525303	36300.452936
646784	607525	145901.640657
647531	153390	419577.756280
647927	69084	7865373.385039
648295	1158525	9900.087128
648354	419033	15300.202442
648580	877503	91501.016841
648864	1415871	96733.526765
652777	1237056	26000.245270
653296	820063	38200.466384
656320	928353	1700.012163
657398	659297	27400.285761
659297	657398	27400.285761
660701	633765	7000.068894
661812	958472	1318565.886300
661814	958472	1300.017476
664829	928353	1700.012163
667043	764547	3859443.057326
667400	667418	51112.001722
667418	667400	51112.001722
667732	332090	117901.448708
669104	170486	37002.380615
673333	539320	4180182.236041
673961	366451	29963.041540
676243	613494	53970.494454
676387	1196278	188602.077612
676766	667418	51112.001722
676785	667400	51112.001722
677099	332090	117901.448708
680093	366451	29963.041540
682335	693208	251903.074445
683049	657398	27400.285761
684869	1111077	607768.257958
688870	820063	38200.466384
690430	218612	17000.213395
690776	1520310	2900.042413
691712	958472	1318565.886300
691714	958472	1300.017476
693208	682335	251903.074445
695068	820063	38200.466384
695616	170486	1531986.913236
695795	177996	1863824.246112
696395	696470	180102.079316
696470	696395	180102.079316
697319	958472	1318565.886300
697323	958472	1300.017476
697841	698749	888703.706460
698749	697841	888703.706460
700172	1310654	8000.060931
700195	1310653	1109765.777455
700706	12659	1856534.283214
701225	1216378	175849.816592
706490	747222	507454.412140
708773	1244082	1847009.550957
709108	1343702	90500.956827
710330	180291	100.004171
710548	710555	61200.777302
710554	947225	2100.015921
710555	710548	61200.777302
710889	1200255	12800.134511
711563	1362070	279261.810567
712004	1022761	36900.442409
714324	1310541	2395233.852090
715198	1471161	14800.190019
716261	571301	3649996.029133
716222	709108	218502.618874
716455	224238	3400.045059
716658	1037073	107001.236623
716862	1037073	107001.236623
716865	799044	500.012071
717398	219297	1511440.103678
717906	835178	42600.511074
717913	835178	696516.597383
719771	1448558	88001.055902
721665	63754	915831.504516
721920	1325906	26300.334720
726914	524648	333803.865341
729331	1143664	9500.080433
730793	232559	500.009325
731102	1547320	161318.494986
731435	1303207	2377566.082739
731535	894274	141401.652637
735216	830333	2820333.246609
737528	376769	44846.446883
738567	244727	207931.633383
742722	1439278	1900.015750
742747	631973	200.001595
742768	742747	200.001595
743373	1464058	143101.431984
744802	744819	80900.884534
744819	744802	80900.884534
745214	1044328	3494347.390909
745526	582483	5794295.398076
747064	1571062	3051818.962695
747222	738567	428696.009183
748244	332090	2054503.579971
753727	76906	19600.224570
754942	1031370	1514166.047396
759065	332090	2054503.579971
760299	782802	2600.039379
760334	214133	57600.599230
766300	288100	5200.057880
768706	559697	97201.222544
771539	332090	2054503.579971
772790	153576	1010879.766818
773365	53223	91015.772102
775898	1535033	1609376.611853
776444	1112955	4000.034961
779532	1056450	59600.783223
781718	1310622	3400.017136
782142	744819	80900.884534
782193	744802	80900.884534
782802	760299	2600.039379
783043	1044328	3494347.390909
783368	582483	5794295.398076
788203	294072	4000.036008
788698	1288450	84501.015067
790975	1310652	575007.514992
794494	22596	989058.994785
795246	830805	439132.747546
795534	1511384	1300.003584
796387	830805	3378728.316467
797547	1023756	449023.091098
798853	366674	5000.056707
799044	349515	500.012071
804231	840862	81600.972796
804663	403726	57800.592173
805733	1471161	29200.405920
806905	898830	400.004617
807510	1418486	62700.749256
814080	948962	162869.928297
815028	257936	210523.269097
820063	915236	4100.029238
820106	820063	4100.045546
820359	1245792	33100.388964
820368	1245792	33100.388964
820928	1245792	33100.388964
821805	821816	1613269.596721
821816	1310644	185602.108010
822688	921531	90643.180559
827399	1318986	2200.034312
829214	1473962	62160.600172
829228	1473962	62160.600172
829731	1310630	336176.045352
830333	830337	363345.265899
830337	830389	4700.053039
830389	830337	4700.053039
830805	1579531	100.000605
830845	1134366	223202.713989
835178	717906	42600.511074
840862	804231	81600.972796
842491	200459	10400.138593
844353	1589638	7100.083126
844393	1589638	4200.051508
844445	1274439	5200.074960
844484	1131575	20000.243327
847052	1318986	31902.019396
847675	297989	2840916.095390
850809	403779	6400.081479
851584	851641	6800.071882
851641	484158	6800.071882
851659	1023786	379904.718502
856114	331543	49300.621628
858693	506402	5873367.273274
860790	700195	1118669.291508
862413	1083162	5000.045982
866111	829214	114301.466257
866873	700195	1118669.291508
868451	710330	195002.095586
868759	764547	6378554.960529
869223	653296	753482.618493
872219	157412	49300.594232
872306	157412	109100.401752
873856	1218334	824896.065024
874114	1441596	148401.559645
877270	550856	373731.822715
877503	648580	91501.016841
882981	446363	915627.341250
887565	887588	1000.015059
887588	887565	1000.015059
891982	111528	13100.150726
892022	944898	11300.127596
892635	507442	1828174.562311
894274	731535	141401.652637
894282	1035197	234205.923224
894755	1310628	810266.383548
896875	1121880	1313644.451940
898719	644388	164400.874546
898830	806905	400.004617
899203	1107979	241860.421131
899910	177996	3164710.109120
899930	917317	1259903.057457
901004	1357302	32900.424381
906807	1299413	15191084.731686
909445	1583472	4305762.812797
912843	1325906	26300.334720
915236	820063	4100.029238
915262	939639	500.005508
915450	1589638	43000.548893
921531	822688	90643.180559
927617	1196278	188602.077612
927663	1196278	188602.077612
928353	656320	1700.012163
929721	1310636	96501.071996
934015	108861	259802.801532
934679	1310640	41324.001806
939579	613494	1200.021174
939679	1252761	125111.919578
939639	915262	500.005508
941339	1272285	59400.706355
941375	1310624	447887.660338
944864	944898	100.000192
944898	944864	100.000192
947225	710554	2100.015921
947293	1303272	3342739.920771
947311	27249	4000.046790
947435	519632	3107454.054479
948962	814080	162869.928297
949433	1303246	762851.513254
953729	721920	33800.334845
955930	614188	287078.181931
957487	1426039	488235.838652
957899	1583421	1020941.439770
958472	661814	1300.017476
958477	1288450	168301.982014
959001	959351	1700.031698
959351	959001	1700.031698
962886	1303231	3064017.680476
964318	414252	1862921.284983
968834	1416644	5000.066942
971775	1158525	75000.907384
973810	160767	5043703.104306
976290	1083162	34200.402699
983768	648580	251100.251238
983805	648580	251100.251238
987513	527153	76200.940225
988365	561792	167401.187079
988895	1508919	4875310.838196
990543	56869	770054.743813
992729	754342	1941205.209200
995225	1141509	2500.035378
993360	1310626	1163146.622503
995888	1096914	2700.044472
996818	830389	4700.053039
996862	830337	4700.053039
997674	830337	363345.265899
1003746	585782	1286724.347829
1004715	346582	1009510.627441
1005144	1142789	2603780.851701
1009977	1166358	564306.556198
1010727	441672	143394.092137
1010818	446363	1011617.068085
1014504	166895	1236467.825321
1014687	1310635	50600.608086
1015293	1310628	46200.536638
1018515	716455	8400.092910
1019331	257313	388783.684237
1020586	1310656	437339.332459
1022135	497254	23100.299601
1022761	712004	36900.442409
1023146	424860	5000.062286
1023756	1023786	25900.283040
1023786	1023756	25900.283040
1024802	501748	400.008430
1032543	500473	10200.146887
1035197	929721	164501.946337
1036673	7144	321329.492668
1036759	7144	321329.492668
1037073	716658	107001.236623
1037565	84481	108901.128781
1042733	1579910	16400.215288
1043050	766300	5200.057880
1043156	168782	900.012703
1044328	744819	572462.804524
1044516	1447351	413221.288459
1046737	470767	14400.180563
1047158	796387	8018552.852525
1056450	1252930	49800.560115
1057501	1023146	447034.431219
1062495	341304	1028828.295918
1063718	1032543	10200.146887
1063736	1032543	10200.146887
1069169	731535	412204.970151
1069497	947225	7400.064774
1069636	272580	48800.607506
1070152	1310625	9800.164021
1078017	1185286	11700.157024
1078244	44369	283662.791883
1078797	1540245	993268.060893
1081969	1112956	2853772.039645
1082688	760299	5182301.921815
1083162	862413	5000.045982
1090206	1538005	43100.513677
1091409	1091413	2005305.473527
1096914	995888	2700.044472
1099460	453682	46889.430640
1099481	1520310	2900.042413
1100915	1188152	90001.097702
1103120	1145089	306128.339541
1103138	1188152	682166.224929
1107663	1107664	332103.568390
1107664	327068	122601.257116
1107683	1107664	332103.568390
1107684	327068	122601.257116
1107941	1258612	100.000796
1107979	899203	241860.421131
1108003	899203	241860.421131
1108293	1108317	169401.930640
1108317	1108293	169401.930640
1108566	1531285	4500.045220
1108831	1405450	223226.896017
1111077	684869	607768.257958
1112955	776444	4000.034961
1112956	1310637	1186253.858898
1114672	376769	5700.087251
1114932	73016	255708.301534
1117685	1310624	3600.053205
1117702	1310624	3600.053205
1120737	1210170	423404.824267
1121880	1179456	2900.033249
1125737	631973	5600.062844
1126823	768706	1873261.070247
1127095	184278	141301.658985
1128020	1421614	217014.806028
1128589	1363601	1056427.575679
1129574	1439278	588543.224361
1131575	844484	20000.243327
1131306	892022	236925.282254
1133409	633765	70892.301257
1134366	571301	22000.291993
1135197	12203	3400.026396
1141509	995225	2500.035378
1142749	822688	628574.856674
1142789	1352058	100.000796
1142796	1143458	4000.052662
1142816	1143458	4000.052662
1142957	1143458	373704.563503
1143458	1142796	4000.052662
1143611	1318584	61800.691525
1143664	729331	9500.080433
1145089	676243	188639.447761
1145119	820063	4100.045546
1148618	193072	8492141.032124
1157363	1343702	90500.956827
1158272	1310665	1600.026164
1158525	648295	9900.087128
1161309	282771	506505.972936
1166358	1166402	80300.878059
1166402	1166358	80300.878059
1167082	620019	18500.248878
1171649	995888	54474.076126
1172282	648354	15300.202442
1172605	860790	3739455.892306
1175797	176708	211685.885684
1176094	1310668	57300.658691
1176105	1176094	114477.855085
1179456	1121880	2900.033249
1185286	1078017	11700.157024
1186774	539320	3083314.596438
1188152	1100915	90001.097702
1191015	1108566	52261.147604
1196278	117886	17300.236765
1200082	1310656	437339.332459
1200255	710889	12800.134511
1203306	894282	308103.442128
1205384	544582	7400.090756
1210170	1120737	423404.824267
1211956	928353	1700.012163
1215648	949433	1513195.386006
1216378	701225	175849.816592
1218334	873856	824896.065024
1219004	449141	58409.026396
1220146	1379158	148678.450669
1220487	1237020	253725.555025
1222702	1310657	82156.661378
1223318	605644	15300.167903
1226541	216580	10600.110995
1230942	898830	2500.040899
1231824	968834	12500.138503
1236776	12203	185169.995247
1237020	1450758	134355.050578
1237056	652777	26000.245270
1237816	1384365	9100.069282
1241058	644388	164400.874546
1241220	1325906	1600.018110
1244082	708773	1847009.550957
1245792	820359	33100.388964
1248037	356012	322770.290436
1249579	744819	5359390.235826
1250900	588750	4200.066438
1251096	944898	11300.127596
1251670	473318	107047.037983
1252761	939679	125111.919578
1252930	1056450	49800.560115
1252944	1056450	49800.560115
1253380	238695	231702.647690
1254294	305170	12500.152400
1256440	660701	37600.433793
1258612	590518	100.000796
1258697	396302	12800.143049
1265059	1311339	542346.670347
1265087	1310652	575007.514992
1266715	1476511	2214966.326190
1272285	941339	59400.706355
1274439	844445	5200.074960
1277951	1486497	1215731.182670
1279361	949433	1513195.386006
1284662	206968	400.003987
1285994	1487118	45003.289119
1286965	1131575	20000.243327
1288450	788698	84501.015067
1288471	788698	84501.015067
1293116	354530	7000.062441
1294052	565833	117101.200886
1294054	153383	1318143.708129
1294312	153390	970868.523799
1294824	169207	1458093.579237
1297620	605589	317403.773631
1298449	1298466	9000.139793
1298466	1298449	9000.139793
1301727	1108566	52261.147604
1307848	1593847	601768.675073
1309402	805733	59500.605793
1309756	489497	507648.241875
1310621	928353	1700.012163
1310622	781718	3400.017136
1310623	1362776	100.003277
1310624	1117685	3600.053205
1310625	1070152	9800.164021
1310626	1310625	129553.293555
1310627	1310628	161491.252610
1310628	1015293	46200.536638
1310629	1310630	166697.627641
1310630	1310629	166697.627641
1310631	1570304	21200.263033
1310632	1310631	215541.497900
1310633	111528	2600.037789
1310634	1310633	229402.406377
1310635	1014687	50600.608086
1310636	929721	96501.071996
1310637	12203	236322.114917
1310638	1135197	3400.026396
1310639	180291	8200.079103
1310640	934679	41324.001806
1310641	1310642	305846.935315
1310642	1310641	305846.935315
1310643	1310644	344238.435292
1310644	494176	67700.794407
1310645	1090206	102294.557441
1310646	1310645	346314.216203
1310647	1408980	80000.923495
1310648	1310647	359148.295934
1310649	1143611	90501.045940
1310541	714324	2395233.852090
1310650	449141	100.002458
1310651	1310652	431562.858718
1310652	1570557	13900.163050
1310653	1310654	435445.527035
1310654	700172	8000.060931
1310655	1310656	437339.332459
1310656	1020586	437339.332459
1310657	1222702	82156.661378
1310658	180702	176919.684143
1310659	264641	231602.304055
1310660	1310659	449110.146046
1310661	898830	400.004617
1310662	252958	2600.015088
1310663	1310664	497808.658726
1310664	1438455	74800.832659
1310665	1158272	1600.026164
1310666	1320474	14800.181230
1310667	1310668	506260.161984
1310668	1176094	57300.658691
1310669	1310670	509158.261077
1310670	246437	120001.308043
1310716	781718	3400.017136
1310736	928353	1700.012163
1310756	1117685	3600.053205
1310776	1362776	100.003277
1310795	1310625	129553.293555
1310815	1070152	9800.164021
1310835	1015293	46200.536638
1310855	1310628	161491.252610
1310859	1015293	406278.170872
1310888	1310629	166697.627641
1310909	1310630	166697.627641
1310927	1310631	215541.497900
1310936	1570304	21200.263033
1310956	1310987	80712.350891
1310968	1310633	229402.406377
1310985	111528	2600.037789
1310987	27249	48200.588632
1310995	929721	96501.071996
1311015	1014687	50600.608086
1311051	1135197	3400.026396
1311087	934679	41324.001806
1311106	180291	8200.079103
1311115	1310641	305846.935315
1311135	1310642	305846.935315
1311158	494176	67700.794407
1311178	1310644	344238.435292
1311227	1090206	102294.557441
1311300	1310647	359148.295934
1311311	1408980	80000.923495
1311339	1310648	448744.690654
1311364	376769	5700.087251
1311432	1570557	13900.163050
1311504	700172	8000.060931
1311546	1310654	435445.527035
1311913	1310659	449110.146046
1311953	264641	231602.304055
1312288	1438455	74800.832659
1312324	1310664	497808.658726
1312486	1310668	506260.161984
1315517	710330	409274.065019
1316205	1470774	1708717.721236
1318584	1318986	500.006096
1318986	1318584	500.006096
1319085	468463	3341371.118517
1320275	631973	33900.397721
1320474	1357302	1700.023302
1325906	1241220	1600.018110
1328479	332011	39800.470669
1333114	946939	2217414.227251
1337693	491441	15300.175656
1341518	1303241	2653465.439763
1343702	470767	400.006208
1345457	716658	726002.551856
1348184	1310631	33800.317849
1348547	1348570	38100.406823
1348570	1348547	38100.406823
1348662	1348689	178902.058625
1348689	1348662	178902.058625
1348928	1310987	54300.549837
1349080	257313	1304356.939514
1349911	1439278	57194.368956
1352058	1142789	100.000796
1357302	1320474	1700.023302
1362070	1226541	20500.227536
1362076	1362090	1600.001217
1362090	1362076	1600.001217
1362761	1478761	4100.036841
1362776	1310623	100.003277
1362783	1310624	3600.053205
1363601	1128589	1056427.575679
1365786	1447272	2084569.284236
1371231	164525	13800.208838
1371778	76906	6576757.318347
1371802	955159	3442412.161014
1379158	346582	127401.599067
1379159	247035	865379.522977
1379475	1379962	3600.055887
1379962	1379475	3600.055887
1384365	1241220	3600.045184
1384878	346582	127401.599067
1384879	247035	865379.522977
1385194	1379962	3600.055887
1386120	1379475	3600.055887
1387199	44368	539350.859812
1387381	352026	35100.390317
1391089	27249	48200.588632
1392160	44368	539350.859812
1392342	352026	35100.390317
1393278	557430	6100.084114
1393290	557430	6100.084114
1393323	1447272	9900.120130
1394260	44368	539350.859812
1394442	352026	35100.390317
1396178	164525	13800.208838
1396726	76906	6576757.318347
1396750	955159	3442412.161014
1400260	1446975	23200.226696
1402018	164525	13800.208838
1402614	76906	6576757.318347
1402638	955159	3442412.161014
1404075	164525	13800.208838
1404654	76906	6576757.318347
1404678	955159	3442412.161014
1405450	1108831	223226.896017
1406060	572021	123057.019226
1408980	452828	24400.271247
1410181	294898	392582.184761
1410445	1200255	12800.134511
1412323	1412348	2600.033552
1412348	1412323	2600.033552
1415858	1521466	233302.828925
1415871	648864	96733.526765
1416223	1416251	7900.094691
1416251	1416223	7900.094691
1416644	968834	5000.066942
1417392	1387381	807390.956906
1418461	673961	29963.041540
1418486	246437	40400.453907
1419302	1350516	2278503.037418
1421614	1158272	17000.191228
1426039	957487	488235.838652
1426482	1426497	3189635.486978
1426497	1427119	1239815.157665
1427119	1450824	657359.358007
1429144	401466	10360499.677017
1433325	1303242	1796130.353254
1433393	152534	1879983.346608
1438455	1438485	1800.011692
1438485	1438455	1800.011692
1439225	1254294	35500.401595
1439259	1439278	1900.015750
1439278	331555	1900.015750
1439371	53223	1564680.895787
1441175	206968	49789.076680
1441596	874114	148401.559645
1442983	400655	14900.179713
1445186	1107979	1274614.792377
1446666	1471161	21300.233565
1446755	1520310	2900.042413
1446944	891982	16200.179736
1446975	1400260	23200.226696
1447272	1393323	9900.120130
1447351	1044516	413221.288459
1448442	1303220	2038515.333761
1448558	114359	88001.055902
1448821	1449138	189502.276743
1449118	1448821	269603.247572
1449138	1448821	189502.276743
1449721	596775	544817.740188
1450758	1450789	55400.680610
1450789	1450758	55400.680610
1450824	1427119	657359.358007
1457604	1112725	2123952.055557
1464058	743373	143101.431984
1464896	993360	2584499.276511
1470455	1220487	474603.254301
1471161	715198	14800.190019
1472876	12433	37000.371916
1473962	829214	62160.600172
1477154	731102	1636533.556506
1478418	1310624	3600.053205
1478617	252958	2600.015088
1478761	1362776	700.011910
1480255	305417	2600.036299
1482114	497995	5000.050373
1485781	76906	130047.535745
1486497	489347	246259.380917
1486985	297989	2900.030819
1487118	1285994	45003.289119
1495687	976290	58361.519603
1503709	257313	2700.022182
1508483	1508919	433659.017599
1508919	1508483	433659.017599
1511384	795534	1300.003584
1514305	639738	1132113.303102
1516885	1433393	2322269.045688
1520310	690776	2900.042413
1521466	1415858	233302.828925
1522594	1176105	378604.272515
1524805	1421614	135001.588715
1528397	727990	3994006.379490
1531285	1108566	4500.045220
1531395	544593	7400.090756
1531419	9307	16600.194820
1534428	511779	1918229.741387
1535079	12659	1986019.702148
1535379	995888	54474.076126
1535560	1172605	4721772.687696
1537989	1200255	14100.176185
1538005	1090206	43100.513677
1538592	648864	843444.408109
1540245	473318	333826.661877
1546230	496288	8800.086954
1547320	1272285	159510.864311
1552471	524944	19000.197314
1553755	1553780	15700.212520
1553780	1553755	15700.212520
1554556	592929	5054736.183408
1558376	1558394	41500.492323
1558394	571301	16900.215526
1565485	648295	9900.087128
1568929	1018515	37300.460584
1570304	186881	400.006626
1570557	1310652	13900.163050
1571062	835178	101901.264321
1572491	157412	63900.685844
1577319	506402	6067551.443663
1579531	830805	100.000605
1579910	1042733	16400.215288
1581454	1032543	182302.098549
1582862	295704	1600.016618
1583421	957899	1020941.439770
1583472	717913	1616235.338537
1583547	907885	6367274.351566
1586097	176708	211685.885684
1589638	844393	4200.051508
1592690	25465	14200.159972
1593285	1293116	162124.731778
1593847	1472876	115001.328975
1595765	12659	20500.259290
